<?xml version="1.0" encoding="UTF-8"?>
<map version="1.10" tiledversion="1.10.2" orientation="orthogonal" renderorder="right-down" width="30" height="20" tilewidth="16" tileheight="16" infinite="0" nextlayerid="4" nextobjectid="1">
 <editorsettings>
  <export target="test-map.json" format="json"/>
 </editorsettings>
 <tileset firstgid="1" name="modern-tileset-16" tilewidth="16" tileheight="16" tilecount="1424" columns="16">
  <image source="../tilesets/modern-tileset-16.png" width="256" height="1424"/>
 </tileset>
 <tileset firstgid="1425" name="modern-extra-tileset-16" tilewidth="16" tileheight="16" tilecount="391" columns="17">
  <image source="../tilesets/modern-extra-tileset-16.png" width="272" height="368"/>
 </tileset>
 <layer id="1" name="Floors and Walls" width="30" height="20">
  <properties>
   <property name="ge_collide" type="bool" value="true"/>
  </properties>
  <data encoding="csv">
0,0,0,0,0,0,0,0,0,1490,1511,1511,1511,1511,1511,1511,1511,1511,1510,1510,1467,0,0,0,0,0,0,0,0,0,
0,0,0,0,0,0,0,0,0,1490,1528,1528,1528,1528,1528,1528,1528,1528,1527,1527,1457,0,0,0,0,0,0,0,0,0,
0,0,0,0,0,0,0,0,0,1490,1521,1521,1521,1521,1521,1521,1521,1521,1521,1521,1457,1613,1613,1613,1613,1613,1613,1613,1613,1455,
1453,1579,1579,1579,1579,1579,1579,1579,1579,1490,1521,1521,1521,1521,1521,1521,1521,1521,1521,1521,1457,1630,1630,1630,1630,1630,1630,1630,1630,1472,
1470,1596,1596,1596,1596,1596,1596,1596,1596,1490,1521,1521,1521,1521,1521,1521,1521,1521,1521,1521,1457,1573,1573,1573,1573,1573,1573,1573,1573,1472,
1470,1606,1606,1606,1606,1606,1606,1606,1606,1490,1521,1521,1521,1521,1521,1521,1521,1521,1521,1521,1457,1573,1573,1573,1573,1573,1573,1573,1573,1472,
1470,1606,1590,1590,1590,1590,1590,1590,1606,1490,1521,1521,1521,1521,1521,1521,1521,1521,1521,1521,1457,1573,1573,1573,1573,1573,1573,1573,1573,1472,
1470,1590,1590,1590,1590,1590,1590,1590,1606,1490,1521,1521,1521,1521,1521,1521,1521,1521,1521,1521,1457,1573,1573,1573,1573,1573,1573,1573,1573,1472,
1470,1606,1590,1590,1590,1590,1590,1590,1606,1490,1714,1716,1521,1521,1521,1714,1440,1715,1715,1715,1715,1715,1715,1715,1715,1715,1715,1573,1573,1721,
1470,1606,1590,1590,1590,1590,1590,1590,1606,1490,1731,1733,1610,1610,1610,1731,1457,1732,1732,1732,1732,1732,1732,1732,1732,1732,1732,1573,1573,1738,
1470,1715,1715,1715,1715,1715,1715,1715,1715,1715,1609,1576,1610,1610,1610,1610,1457,1623,1624,1624,1624,1624,1624,1624,1624,1624,1624,1625,1641,1641,
1470,1732,1732,1732,1732,1732,1732,1732,1732,1732,1609,1576,1610,1610,1610,1610,1717,1641,1641,1641,1641,1641,1641,1641,1641,1641,1641,1641,1641,1641,
1470,1592,1593,1593,1593,1593,1593,1593,1593,1593,1594,1610,1610,1610,1610,1610,1734,1641,1641,1641,1641,1641,1641,1641,1641,1641,1641,1641,1641,1641,
1470,1609,1610,1610,1610,1610,1610,1610,1610,1610,1610,1610,1610,1610,1610,1610,1641,1641,1641,1641,1641,1641,1641,1641,1641,1641,1641,1641,1641,1641,
1470,1749,1749,1749,1749,1749,1749,1749,1749,1749,1749,1439,1610,1610,1610,1610,1641,1641,1641,1641,1641,1641,1641,1641,1641,1641,1641,1641,1641,1641,
1470,1766,1766,1766,1766,1766,1766,1766,1766,1766,1766,1457,1610,1610,1610,1610,1467,1641,1641,1641,1641,1641,1641,1641,1641,1641,1641,1641,1641,1641,
1470,1642,1642,1642,1642,1642,1642,1642,1642,1642,1642,1457,1610,1610,1610,1610,1457,1641,1641,1641,1641,1641,1641,1641,1641,1641,1641,1641,1641,1641,
1470,1642,1642,1642,1642,1642,1642,1642,1642,1642,1642,1642,1610,1610,1610,1610,1457,1641,1641,1641,1641,1641,1641,1641,1641,1641,1641,1641,1641,1641,
1470,1642,1642,1642,1642,1642,1642,1642,1642,1642,1642,1642,1610,1610,1610,1610,1457,1641,1641,1641,1641,1641,1641,1641,1641,1641,1641,1641,1641,1641,
1470,1642,1642,1642,1642,1642,1642,1642,1642,1642,1642,1458,1610,1610,1610,1610,1457,1641,1641,1641,1641,1641,1641,1641,1641,1641,1641,1641,1641,1641
</data>
 </layer>
</map>
